all,1000,1,5,0.494,0.427,0.549,0.544,0.0856,0.325
all,1000,1,10,0.682,0.608,0.749,0.736,0.144,0.458
grid,1000,1,5,0.494,0.474,0.512,0.54,0.548,0.549,0.549,0.556,0.547,0.53,0.427
grid,1000,1,10,0.682,0.672,0.71,0.728,0.736,0.749,0.748,0.743,0.739,0.72,0.608
all,1000,3,5,0.611,0.537,0.64,0.64
grid,1000,3,5,0.611,0.577,0.602,0.627,0.648,0.64,0.642,0.633,0.635,0.631,0.537
all,1000,3,10,0.765,0.71,0.801,0.787
grid,1000,3,10,0.765,0.768,0.791,0.802,0.802,0.801,0.802,0.797,0.791,0.788,0.71
all,1000,5,5,0.622,0.558,0.655,0.643
grid,1000,5,5,0.622,0.59,0.616,0.629,0.649,0.655,0.648,0.648,0.635,0.629,0.558
all,1000,5,10,0.755,0.73,0.793,0.777
grid,1000,5,10,0.755,0.767,0.793,0.798,0.801,0.793,0.789,0.785,0.776,0.774,0.73
all,1000,20,5,0.602,0.592,0.659,0.645
grid,1000,20,5,0.602,0.627,0.645,0.648,0.654,0.659,0.654,0.642,0.626,0.615,0.592
all,1000,20,10,0.76,0.768,0.807,0.784
grid,1000,20,10,0.76,0.789,0.799,0.812,0.811,0.807,0.8,0.798,0.793,0.777,0.768
