all,1000,1,5,0.45,0.413,0.507,0.508,0.0729,0.325
all,1000,1,10,0.642,0.592,0.707,0.699,0.165,0.452
grid,1000,1,5,0.45,0.458,0.486,0.502,0.511,0.507,0.518,0.502,0.488,0.482,0.413
grid,1000,1,10,0.642,0.631,0.668,0.692,0.705,0.707,0.712,0.711,0.696,0.684,0.592
all,1000,3,5,0.583,0.532,0.631,0.617
grid,1000,3,5,0.583,0.569,0.59,0.612,0.629,0.631,0.623,0.615,0.611,0.605,0.532
all,1000,3,10,0.722,0.705,0.771,0.75
grid,1000,3,10,0.722,0.748,0.771,0.774,0.779,0.771,0.762,0.76,0.755,0.743,0.705
all,1000,5,5,0.591,0.554,0.626,0.61
grid,1000,5,5,0.591,0.588,0.614,0.629,0.629,0.626,0.629,0.618,0.61,0.607,0.554
all,1000,5,10,0.713,0.73,0.77,0.742
grid,1000,5,10,0.713,0.754,0.773,0.777,0.778,0.77,0.757,0.755,0.747,0.738,0.73
all,1000,20,5,0.558,0.58,0.637,0.605
grid,1000,20,5,0.558,0.616,0.626,0.635,0.639,0.637,0.621,0.614,0.601,0.584,0.58
all,1000,20,10,0.71,0.741,0.781,0.742
grid,1000,20,10,0.71,0.772,0.781,0.791,0.785,0.781,0.776,0.766,0.753,0.735,0.741
all,2000,1,5,0.442,0.341,0.481,0.48,0.0364,0.28
all,2000,1,10,0.588,0.504,0.661,0.652,0.0974,0.397
grid,2000,1,5,0.442,0.396,0.442,0.467,0.483,0.481,0.485,0.485,0.48,0.464,0.341
grid,2000,1,10,0.588,0.576,0.627,0.657,0.661,0.661,0.655,0.645,0.634,0.624,0.504
all,2000,3,5,0.544,0.462,0.576,0.564
grid,2000,3,5,0.544,0.513,0.544,0.556,0.563,0.576,0.573,0.571,0.566,0.563,0.462
all,2000,3,10,0.706,0.634,0.735,0.73
grid,2000,3,10,0.706,0.687,0.715,0.729,0.729,0.735,0.729,0.726,0.722,0.716,0.634
all,2000,5,5,0.557,0.508,0.595,0.582
grid,2000,5,5,0.557,0.548,0.571,0.583,0.59,0.595,0.585,0.577,0.571,0.571,0.508
all,2000,5,10,0.704,0.661,0.732,0.728
grid,2000,5,10,0.704,0.698,0.714,0.721,0.732,0.732,0.73,0.726,0.718,0.708,0.661
all,2000,20,5,0.559,0.551,0.604,0.593
grid,2000,20,5,0.559,0.578,0.595,0.609,0.609,0.604,0.6,0.591,0.585,0.57,0.551
all,2000,20,10,0.702,0.695,0.75,0.736
grid,2000,20,10,0.702,0.712,0.731,0.736,0.749,0.75,0.741,0.732,0.726,0.714,0.695
all,4000,1,5,0.422,0.31,0.489,0.489,0.0293,0.258
all,4000,1,10,0.576,0.48,0.636,0.63,0.0578,0.37
grid,4000,1,5,0.422,0.381,0.439,0.466,0.485,0.489,0.483,0.469,0.456,0.448,0.31
grid,4000,1,10,0.576,0.553,0.605,0.622,0.631,0.636,0.635,0.629,0.624,0.613,0.48
all,4000,3,5,0.533,0.455,0.551,0.549
grid,4000,3,5,0.533,0.507,0.535,0.546,0.551,0.551,0.553,0.557,0.55,0.538,0.455
all,4000,3,10,0.681,0.619,0.717,0.708
grid,4000,3,10,0.681,0.671,0.7,0.714,0.718,0.717,0.709,0.707,0.703,0.694,0.619
all,4000,5,5,0.545,0.49,0.569,0.562
grid,4000,5,5,0.545,0.525,0.548,0.561,0.566,0.569,0.561,0.563,0.562,0.559,0.49
all,4000,5,10,0.694,0.639,0.713,0.707
grid,4000,5,10,0.694,0.667,0.688,0.701,0.715,0.713,0.704,0.703,0.705,0.702,0.639
all,4000,20,5,0.559,0.519,0.578,0.573
grid,4000,20,5,0.559,0.539,0.557,0.571,0.577,0.578,0.579,0.578,0.574,0.572,0.519
all,4000,20,10,0.697,0.652,0.712,0.707
grid,4000,20,10,0.697,0.673,0.69,0.699,0.709,0.712,0.71,0.708,0.71,0.705,0.652
