all,1000,1,5,0.494,0.437,0.566,0.561,0.0727,0.315
all,1000,1,10,0.665,0.627,0.745,0.734,0.161,0.42
grid,1000,1,5,0.494,0.495,0.546,0.558,0.567,0.566,0.565,0.569,0.563,0.549,0.437
grid,1000,1,10,0.665,0.691,0.722,0.74,0.747,0.745,0.74,0.732,0.721,0.706,0.627
all,1000,3,5,0.587,0.548,0.628,0.62
grid,1000,3,5,0.587,0.594,0.617,0.625,0.631,0.628,0.626,0.626,0.619,0.612,0.548
all,1000,3,10,0.727,0.699,0.777,0.762
grid,1000,3,10,0.727,0.733,0.769,0.78,0.778,0.777,0.768,0.765,0.76,0.752,0.699
all,1000,5,5,0.575,0.566,0.619,0.601
grid,1000,5,5,0.575,0.593,0.622,0.625,0.622,0.619,0.61,0.605,0.595,0.591,0.566
all,1000,5,10,0.73,0.714,0.777,0.758
grid,1000,5,10,0.73,0.748,0.777,0.787,0.781,0.777,0.774,0.769,0.757,0.745,0.714
all,1000,20,5,0.575,0.561,0.624,0.603
grid,1000,20,5,0.575,0.59,0.612,0.62,0.624,0.624,0.623,0.615,0.615,0.596,0.561
all,1000,20,10,0.723,0.725,0.781,0.754
grid,1000,20,10,0.723,0.761,0.779,0.779,0.787,0.781,0.774,0.771,0.75,0.741,0.725
all,2000,1,5,0.444,0.362,0.501,0.495,0.0417,0.263
all,2000,1,10,0.629,0.539,0.679,0.675,0.105,0.362
grid,2000,1,5,0.444,0.427,0.459,0.483,0.5,0.501,0.503,0.5,0.491,0.488,0.362
grid,2000,1,10,0.629,0.607,0.65,0.675,0.68,0.679,0.682,0.676,0.672,0.665,0.539
all,2000,3,5,0.555,0.478,0.59,0.586
grid,2000,3,5,0.555,0.532,0.56,0.584,0.591,0.59,0.585,0.578,0.575,0.568,0.478
all,2000,3,10,0.702,0.639,0.738,0.726
grid,2000,3,10,0.702,0.687,0.727,0.732,0.738,0.738,0.733,0.725,0.723,0.72,0.639
all,2000,5,5,0.565,0.498,0.594,0.581
grid,2000,5,5,0.565,0.538,0.567,0.582,0.593,0.594,0.587,0.587,0.582,0.578,0.498
all,2000,5,10,0.714,0.657,0.749,0.732
grid,2000,5,10,0.714,0.704,0.718,0.734,0.743,0.749,0.742,0.736,0.733,0.727,0.657
all,2000,20,5,0.552,0.518,0.594,0.585
grid,2000,20,5,0.552,0.543,0.566,0.582,0.59,0.594,0.583,0.585,0.57,0.561,0.518
all,2000,20,10,0.703,0.662,0.752,0.741
grid,2000,20,10,0.703,0.695,0.722,0.733,0.74,0.752,0.753,0.739,0.727,0.714,0.662
all,4000,1,5,0.388,0.326,0.447,0.435,0.0294,0.251
all,4000,1,10,0.565,0.468,0.613,0.613,0.0496,0.339
grid,4000,1,5,0.388,0.37,0.407,0.429,0.439,0.447,0.447,0.434,0.428,0.412,0.326
grid,4000,1,10,0.565,0.532,0.576,0.594,0.611,0.613,0.615,0.61,0.608,0.59,0.468
all,4000,3,5,0.512,0.442,0.534,0.529
grid,4000,3,5,0.512,0.479,0.498,0.519,0.526,0.534,0.523,0.524,0.526,0.526,0.442
all,4000,3,10,0.682,0.59,0.708,0.705
grid,4000,3,10,0.682,0.649,0.681,0.703,0.711,0.708,0.709,0.71,0.705,0.697,0.59
all,4000,5,5,0.534,0.455,0.551,0.541
grid,4000,5,5,0.534,0.502,0.522,0.534,0.54,0.551,0.55,0.544,0.542,0.539,0.455
all,4000,5,10,0.686,0.621,0.712,0.709
grid,4000,5,10,0.686,0.669,0.697,0.708,0.706,0.712,0.713,0.71,0.706,0.7,0.621
all,4000,20,5,0.558,0.487,0.567,0.562
grid,4000,20,5,0.558,0.518,0.545,0.55,0.561,0.567,0.572,0.571,0.563,0.566,0.487
all,4000,20,10,0.699,0.636,0.719,0.709
grid,4000,20,10,0.699,0.67,0.691,0.705,0.715,0.719,0.717,0.718,0.713,0.708,0.636
