all,1000,1,5,0.475,0.424,0.543,0.531,0.0965,0.313
all,1000,1,10,0.653,0.601,0.727,0.712,0.148,0.452
grid,1000,1,5,0.475,0.479,0.504,0.528,0.526,0.543,0.539,0.528,0.525,0.522,0.424
grid,1000,1,10,0.653,0.658,0.687,0.71,0.719,0.727,0.725,0.719,0.705,0.699,0.601
all,1000,3,5,0.616,0.532,0.638,0.631
all,1000,3,10,0.754,0.71,0.799,0.783
grid,1000,3,5,0.616,0.59,0.615,0.628,0.639,0.638,0.641,0.64,0.637,0.628,0.532
grid,1000,3,10,0.754,0.759,0.777,0.789,0.797,0.799,0.789,0.783,0.776,0.776,0.71
all,1000,5,5,0.61,0.568,0.646,0.645
all,1000,5,10,0.754,0.721,0.797,0.784
grid,1000,5,5,0.61,0.606,0.628,0.652,0.651,0.646,0.641,0.632,0.63,0.622,0.568
grid,1000,5,10,0.754,0.757,0.785,0.791,0.8,0.797,0.794,0.784,0.776,0.767,0.721
all,1000,20,5,0.602,0.609,0.649,0.64
all,1000,20,10,0.738,0.776,0.815,0.779
grid,1000,20,5,0.602,0.642,0.661,0.664,0.666,0.649,0.649,0.635,0.626,0.617,0.609
grid,1000,20,10,0.738,0.792,0.81,0.813,0.819,0.815,0.804,0.795,0.776,0.757,0.776
all,2000,1,5,0.432,0.343,0.495,0.497,0.0454,0.271
all,2000,1,10,0.606,0.512,0.68,0.677,0.0891,0.39
grid,2000,1,5,0.432,0.396,0.452,0.49,0.493,0.495,0.495,0.49,0.486,0.466,0.343
grid,2000,1,10,0.606,0.582,0.627,0.652,0.67,0.68,0.686,0.677,0.663,0.645,0.512
all,2000,3,5,0.549,0.501,0.574,0.579
all,2000,3,10,0.707,0.671,0.741,0.734
grid,2000,3,5,0.549,0.545,0.57,0.58,0.586,0.574,0.574,0.57,0.568,0.561,0.501
grid,2000,3,10,0.707,0.704,0.725,0.738,0.745,0.741,0.74,0.733,0.729,0.723,0.671
all,2000,5,5,0.577,0.512,0.592,0.588
all,2000,5,10,0.715,0.689,0.752,0.738
grid,2000,5,5,0.577,0.548,0.576,0.587,0.596,0.592,0.588,0.583,0.585,0.578,0.512
grid,2000,5,10,0.715,0.719,0.742,0.75,0.753,0.752,0.743,0.737,0.729,0.726,0.689
all,2000,20,5,0.554,0.54,0.607,0.598
all,2000,20,10,0.705,0.712,0.759,0.738
grid,2000,20,5,0.554,0.57,0.591,0.605,0.607,0.607,0.593,0.585,0.573,0.563,0.54
grid,2000,20,10,0.705,0.741,0.756,0.766,0.759,0.759,0.75,0.743,0.73,0.719,0.712
all,4000,1,5,0.394,0.296,0.436,0.441,0.0336,0.254
all,4000,1,10,0.571,0.452,0.629,0.625,0.0572,0.366
grid,4000,1,5,0.394,0.36,0.392,0.42,0.439,0.436,0.434,0.427,0.426,0.419,0.296
grid,4000,1,10,0.571,0.516,0.564,0.603,0.622,0.629,0.629,0.624,0.609,0.598,0.452
all,4000,3,5,0.528,0.449,0.554,0.555
all,4000,3,10,0.69,0.614,0.723,0.719
grid,4000,3,5,0.528,0.5,0.527,0.547,0.551,0.554,0.555,0.548,0.539,0.535,0.449
grid,4000,3,10,0.69,0.666,0.693,0.707,0.716,0.723,0.715,0.716,0.713,0.707,0.614
all,4000,5,5,0.556,0.487,0.576,0.571
all,4000,5,10,0.701,0.658,0.719,0.719
grid,4000,5,5,0.556,0.529,0.544,0.56,0.567,0.576,0.575,0.569,0.572,0.565,0.487
grid,4000,5,10,0.701,0.693,0.722,0.731,0.725,0.719,0.719,0.715,0.711,0.711,0.658
all,4000,20,5,0.561,0.514,0.587,0.581
all,4000,20,10,0.706,0.674,0.733,0.722
grid,4000,20,5,0.561,0.549,0.56,0.568,0.584,0.587,0.584,0.58,0.577,0.571,0.514
grid,4000,20,10,0.706,0.695,0.72,0.732,0.74,0.733,0.726,0.722,0.715,0.712,0.674
