all,1000,1,5,0.483,0.409,0.542,0.535,0.0863,0.307
all,1000,1,10,0.657,0.578,0.731,0.713,0.133,0.431
grid,1000,1,5,0.483,0.473,0.507,0.532,0.547,0.542,0.538,0.531,0.52,0.517,0.409
grid,1000,1,10,0.657,0.656,0.69,0.708,0.73,0.731,0.72,0.713,0.703,0.69,0.578
all,1000,3,5,0.581,0.524,0.616,0.606
grid,1000,3,5,0.581,0.573,0.594,0.608,0.614,0.616,0.616,0.607,0.606,0.598,0.524
all,1000,3,10,0.725,0.691,0.76,0.751
grid,1000,3,10,0.725,0.736,0.762,0.766,0.765,0.76,0.759,0.756,0.745,0.738,0.691
all,1000,5,5,0.583,0.53,0.615,0.609
grid,1000,5,5,0.583,0.586,0.61,0.614,0.617,0.615,0.605,0.593,0.59,0.589,0.53
all,1000,5,10,0.733,0.7,0.765,0.746
grid,1000,5,10,0.733,0.74,0.761,0.763,0.761,0.765,0.763,0.752,0.752,0.749,0.7
all,1000,20,5,0.576,0.577,0.625,0.611
grid,1000,20,5,0.576,0.606,0.633,0.638,0.63,0.625,0.621,0.606,0.598,0.585,0.577
all,1000,20,10,0.733,0.736,0.784,0.755
grid,1000,20,10,0.733,0.759,0.777,0.785,0.79,0.784,0.774,0.762,0.754,0.745,0.736
all,2000,1,5,0.445,0.369,0.5,0.499,0.0475,0.26
all,2000,1,10,0.613,0.527,0.675,0.672,0.112,0.365
grid,2000,1,5,0.445,0.423,0.456,0.478,0.503,0.5,0.502,0.496,0.482,0.475,0.369
grid,2000,1,10,0.613,0.589,0.629,0.659,0.674,0.675,0.667,0.659,0.649,0.638,0.527
all,2000,3,5,0.553,0.475,0.585,0.577
grid,2000,3,5,0.553,0.511,0.541,0.567,0.58,0.585,0.573,0.566,0.569,0.567,0.475
all,2000,3,10,0.702,0.626,0.725,0.716
grid,2000,3,10,0.702,0.672,0.71,0.719,0.721,0.725,0.721,0.718,0.717,0.711,0.626
all,2000,5,5,0.553,0.478,0.575,0.567
grid,2000,5,5,0.553,0.515,0.543,0.559,0.574,0.575,0.573,0.571,0.57,0.568,0.478
all,2000,5,10,0.7,0.64,0.714,0.714
grid,2000,5,10,0.7,0.679,0.708,0.719,0.72,0.714,0.715,0.709,0.717,0.712,0.64
all,2000,20,5,0.56,0.516,0.595,0.585
grid,2000,20,5,0.56,0.544,0.578,0.595,0.599,0.595,0.587,0.582,0.569,0.567,0.516
all,2000,20,10,0.683,0.667,0.737,0.717
grid,2000,20,10,0.683,0.711,0.722,0.732,0.735,0.737,0.724,0.717,0.707,0.7,0.667
all,4000,1,5,0.386,0.282,0.441,0.444,0.025,0.242
all,4000,1,10,0.57,0.459,0.626,0.625,0.0686,0.335
grid,4000,1,5,0.386,0.341,0.388,0.422,0.439,0.441,0.441,0.437,0.429,0.415,0.282
grid,4000,1,10,0.57,0.54,0.58,0.605,0.62,0.626,0.623,0.617,0.609,0.596,0.459
all,4000,3,5,0.517,0.429,0.548,0.541
grid,4000,3,5,0.517,0.485,0.52,0.537,0.543,0.548,0.541,0.544,0.544,0.533,0.429
all,4000,3,10,0.683,0.602,0.697,0.691
grid,4000,3,10,0.683,0.65,0.679,0.687,0.687,0.697,0.704,0.695,0.692,0.688,0.602
all,4000,5,5,0.553,0.468,0.56,0.556
grid,4000,5,5,0.553,0.51,0.54,0.557,0.564,0.56,0.566,0.56,0.556,0.553,0.468
all,4000,5,10,0.686,0.628,0.71,0.702
grid,4000,5,10,0.686,0.666,0.691,0.698,0.707,0.71,0.708,0.702,0.692,0.693,0.628
all,4000,20,5,0.553,0.499,0.568,0.568
grid,4000,20,5,0.553,0.535,0.551,0.566,0.569,0.568,0.569,0.57,0.568,0.561,0.499
all,4000,20,10,0.688,0.642,0.716,0.713
grid,4000,20,10,0.688,0.669,0.697,0.71,0.713,0.716,0.716,0.71,0.702,0.695,0.642
